1size = 18446744073709551615
1max_size = 2305843009213693951
1Capacity = 0
11
11
11
11
11
11
11
11
11
11
11
11
11
size = 13
max_size = 2305843009213693951
Capacity = 13
Reserved 10000
size = 13
max_size = 2305843009213693951
Capacity = 21
resized to  10
11
11
11
11
11
11
11
11
11
11
11
11
11
8
8
8
8
8
8
8
8
8
8
8
8
size = 25
max_size = 2305843009213693951
Capacity = 26
push_back
11
11
11
11
11
11
11
11
11
11
11
11
11
8
8
8
8
8
8
8
8
8
8
8
8
15
19
size = 27
max_size = 2305843009213693951
Capacity = 52
11
11
11
11
11
11
11
11
11
11
11
11
11
8
8
8
8
8
8
8
8
8
8
8
8
15
size = 26
max_size = 2305843009213693951
Capacity = 52
11
11
11
11
11
11
11
11
11
11
11
11
11
8
8
8
8
8
8
8
8
8
8
8
8
size = 25
max_size = 2305843009213693951
Capacity = 52
11
11
11
11
11
11
11
11
11
11
11
11
11
8
8
8
8
8
8
8
8
8
8
8
size = 24
max_size = 2305843009213693951
Capacity = 52
